# oST version 5.0 parameters


[image]

width
640

height
480

[narrow_stereo]

camera matrix
387.433710 0.000000 323.655623
0.000000 387.558526 226.907571
0.000000 0.000000 1.000000

distortion
-0.295182 0.063578 -0.003477 0.004312 0.000000

rectification
1.000000 0.000000 0.000000
0.000000 1.000000 0.000000
0.000000 0.000000 1.000000

projection
280.258972 0.000000 337.929569 0.000000
0.000000 333.634064 219.187340 0.000000
0.000000 0.000000 1.000000 0.000000

