('Wrote calibration data to', '/tmp/calibrationdata.tar.gz')
('D = ', [-0.2951817532825391, 0.06357750168940303, -0.0034773447342295112, 0.004312130517624045, 0.0])
('K = ', [387.4337097971315, 0.0, 323.6556226733671, 0.0, 387.5585263220099, 226.90757066939688, 0.0, 0.0, 1.0])
('R = ', [1.0, 0.0, 0.0, 0.0, 1.0, 0.0, 0.0, 0.0, 1.0])
('P = ', [280.25897216796875, 0.0, 337.9295691587977, 0.0, 0.0, 333.6340637207031, 219.18734025245794, 0.0, 0.0, 0.0, 1.0, 0.0])
# oST version 5.0 parameters


[image]

width
640

height
480

[narrow_stereo]

camera matrix
387.433710 0.000000 323.655623
0.000000 387.558526 226.907571
0.000000 0.000000 1.000000

distortion
-0.295182 0.063578 -0.003477 0.004312 0.000000

rectification
1.000000 0.000000 0.000000
0.000000 1.000000 0.000000
0.000000 0.000000 1.000000

projection
280.258972 0.000000 337.929569 0.000000
0.000000 333.634064 219.187340 0.000000
0.000000 0.000000 1.000000 0.000000


QObject::~QObject: Timers cannot be stopped from another thread
